904338947
291889961
445571238
312172963
630782967
838143537
821371685
546889095
193145637
144267963
961260520
354884638
884318130
14728446
351246862
910467954
339929402
712746464
896568631
618152023
233289281
309570258
813201647
56773097
680687730
568888261
60117381
792464665
758716969
37693104
472062554
380759708
234572858
785241177
562528965
713690621
693302477
911310380
99292528
697029290
857619797
720018604
446902778
434963235
242551480
993862732
349199062
690177735
743241908
292005101
150045567
889759235
439429802
674868108
672167761
175202498
566382892
216257867
143462388
215359794
700352437
319773326
397397935
718953393
690828517
494459087
759662105
483164802
488991067
297975387
608244936
62637738
635289770
806733649
718280555
387601591
289552604
527643812
118778263
493622769
764275386
388553996
56131424
394295302
217643622
2545424
588783455
914133910
660363953
287069609
600630607
810952174
618279503
122993540
616653106
860761788
779725347
813510632
940481017
795608919
2458179
267519386
942220340
736754526
617884985
433539345
198324129
573185711
665299122
71736785
73606088
524716414
45395016
493585985
133914047
623870294
929203854
900268407
526398060
362912556
446577883
451476387
758372839
288479150
101480078
954767576
101136154
29207974
94526001
368684759
928595087
389685947
80212803
123404036
332200436
74844881
741161361
221936394
562340775
847268391
762209898
46809430
756385218
902552723
520628356
393354148
136091787
998793001
931137531
53404799
626353027
660385357
484567049
574365967
141280972
832835053
52289634
660920092
615985697
306200092
500458996
692179644
945019126
710561506
691761449
118889205
813042444
787434390
599879739
551201725
288480342
551307485
331219127
948692246
525222693
367974175
316767179
459573468
770697819
24705970
876964618
355672551
630501984
884032660
883401929
441386185
738491894
804444656
994416129
292846405
35920393
890050657
707127336
467531554
181508717
738133932
310375761
646330912
662502509
221939057
338666158
930840583
507387740
791879160
940233605
119875722
92760253
321863164
566592568
308041497
657921128
329481167
826315710
488935982
740233069
864099532
295814357
61659416
634084116
388544915
904426866
422422219
825223614
78496243
262136283
585584471
880120340
933492429
489861197
729767524
112840521
548935144
114683935
849103016
156356643
589164452
367650182
834800389
227534887
118941471
38944704
47701147
183602968
137970781
969935207
396851741
933813860
463823423
928531462
919268101
298112518
412666606
953585690
114936796
638418967
526355984
913181745
856530762
136513014
545327903
449227003
645386622
305301110
296952756
444605875
867305484
67376269
644410365
822281130
211553059
161090329
540744182
568307008
519571356
547710165
364505620
318855796
292400011
197953766
281593178
761859530
942337387
920175788
577189654
939131297
836878629
572499732
294345684
179467380
999796897
506679510
175203792
238321603
31147303
100713810
980052063
922218928
582919750
54756235
279820853
486895532
330647349
152567252
454307704
733663046
512736963
713123455
978203337
47843526
371392791
560499763
713306974
476767898
791423628
655379584
197941052
589974849
244184385
19712400
948426566
907912853
795234688
974167682
702937247
815144151
624754640
759174617
191172352
486835586
332578444
480326025
265134252
916171847
605543375
191631347
840649100
605192620
382360505
711141386
3004096
239597133
459216898
619924623
436990726
81722579
294776881
720326435
698219447
298035132
702515476
881135048
35439642
716147435
704452201
843406805
837016199
170214251
65015728
264760278
302084613
760278674
63353985
212520286
769283129
428545018
638318043
785914897
882697906
451056041
974234075
376338733
461527106
289605533
895331576
698421424
439864692
852421228
384241060
405788285
711976439
347295241
40311972
468351843
541961290
562706162
357035742
746642015
413040752
828547485
514331384
617699170
768218311
26410187
567244353
784663472
71296228
679747400
573339288
233765958
352808276
887449789
258013719
207056469
832382621
389461259
942276511
421572459
923401591
448757330
819317245
806476926
773235024
964854285
286908806
257611519
248709751
710115608
777442593
134207788
327152798
927794198
442511586
800824566
906979525
862214507
581103551
441773297
531458840
176830025
5576862
106615913
403087108
736575369
901573595
760429112
577343276
699614304
486511838
507690106
567779587
240094327
264600668
834175227
43599042
270690202
253412149
284540919
272313669
498601231
226613432
322626004
413894137
947491560
723679478
126716424
796267150
614061007
134706688
585462827
893285610
218865172
206089871
205304618
398703075
566203860
991383007
102161395
962365660
492957079
979008053
631251692
426095899
839660325
826745291
654917709
694627828
1179255
852172950
877910827
597737493
134803567
77868771
41883048
767369058
521171525
821154783
38367855
620056645
992042816
661157007
387155724
487490459
143723823
402591255
823354241
865912309
435821503
227788338
8978037
685842556
189349542
914760697
134293219
223480319
178841336
31157793
717577761
896665607
385124328
112616014
777872695
118409182
768798235
313905619
166256783
975008953
993263448
794485625
113811754
499865579
589762578
464162188
382987839
836472160
407980821
113846764
138856068
155128388
32338209
292184223
45003771
118854237
584085107
93769301
252973445
348317131
965106286
254265180
280239136
136936645
378797859
453655548
449565780
877400629
324204957
130378208
164858606
441717497
574905426
539432078
120682118
765597859
691088845
72736915
889456163
494242628
39613760
642301705
913771651
779975471
821763227
200045823
332870434
348039697
428966616
193081649
733682501
907897080
583438940
65630598
67793332
352553984
891947166
286631870
560916070
867271054
550700821
411372311
280137563
283504547
99044591
10717665
873602646
198513765
228746023
771879878
244752880
28375419
414719444
134300997
79731363
786802100
302980598
496774158
892682786
31043666
965363632
592606440
805519249
718588792
136692034
950626330
260192195
544439580
473965213
327428662
997630523
481710795
503185569
353764175
701478468
143422790
162266935
556090147
534870528
404059421
446909359
420603278
987263876
492388531
640476511
457414043
347266232
138053986
287010645
372656282
172471313
439394087
505834573
776952339
206208267
972246347
376357346
214954841
204956220
562320402
135373857
496882110
537342167
572500947
235631916
335200257
43696210
727153835
751118348
827361835
904782180
924932094
611423958
116279803
916969378
974608435
162246974
933945759
679304948
509918325
277798567
317827179
538224514
551582299
869622653
23390655
738943793
687367111
268014075
372345194
200173624
52044616
965031346
798505239
223681901
722035043
83324208
876066871
92777463
961542815
831825231
974316883
495329216
187199876
702968044
544504570
547338229
785220945
68776856
560932537
639571060
918511455
518808569
992242901
183195878
389987937
449573554
541410542
746170847
552685656
599125283
27097539
136682805
250146896
178390583
144347239
185251469
44784334
278681270
418810290
901669036
114240276
317766439
17124711
465796347
362236837
59735072
726329635
376508674
634915170
329883375
247442156
953849257
843060974
295936815
435999045
419321719
536370281
938987805
473066508
347329017
504403364
844660287
217087518
991665079
95572534
878654929
494996858
113363402
848847509
318993830
740646441
166252077
513080760
913213932
742929728
5136434
516074203
199637720
469389292
459286812
279950403
308574661
896428741
161638087
488506461
119106850
554300690
916417106
482369318
528396500
255001794
12981163
493366592
820867314
690884994
357110377
466434054
106263820
711016237
432972687
244051490
512401462
396846268
241842543
453673271
177214624
10340204
16335678
924399450
397266147
163910743
559321936
211016339
419940338
926492754
645768777
971314857
460905129
279841410
120259281
497038335
404374336
259858058
290753869
934423307
757734222
61427019
268061543
694155863
549631423
891832894
369484141
485955604
681388688
243869474
135464857
950483388
163493688
997698836
135239987
460115932
41884212
823743207
477137446
273173074
795942443
740810000
584044520
427179753
594515163
59047730
960835744
48483790
443769071
327816669
524018010
283993775
444452817
200101730
214846922
923276017
886927823
674432794
193317367
524308435
140356027
34310572
133616684
916259240
483398501
565228657
68933506
699003627
39927460
999657658
475865286
877562063
962880932
434942387
543417531
362092509
978145057
643737370
765576747
37525416
450867827
760230882
232778539
840331583
730232654
962612227
825694438
512028742
138538068
290289384
214980407
977690498
550989909
720619972
349196661
421472968
255400391
274648246
430232464
848523520
802481858
293559197
478546640
534200103
937865227
996782101
240412301
982676856
855363427
695244557
50513516
115604802
105933630
444654100
873736024
744526858
164971458
523101415
604780262
968392128
962480803
237387990
894098994
985677606
173874208
658411309
735068477
468657715
172977264
19755778
671513323
488806749
704502091
52417801
824606422
890507600
845130638
147625973
997216477
548812550
172357306
723356967
177517976
809817806
371836438
526375597
941300483
869230218
147758228
246232382
823730447
573286638
791038612
542675534
592826783
397739756
309453278
191410729
989203487
68945589
920904617
332550317
790661097
33937486
820528660
483931231
275180382
246240243
373315488
728774568
845800056
495320368
236677435
487383107
24498173
454579855
938889637
781102422
993343053
79344046
59126393
478352554
460433390
248642005
39145202
973989174
992292325
139582449
448625877
618738022
606989827
851386433
107246603
67447606
349427917
954351324
983462559
676965382
655614834
711863542
64171861
135453152
976638848
382262224
645654572
715789900
394798985
27204261
790048476
406417789
981381145
133901923
878532150
917908977
923979861
928631868
818051615
876120100
438800811
220021936
730331727
946103513
781340531
269409219
642561268
641459476
335413915
762811698
